,C1,C2,C3,C4
0,4.0,0.1016,71.3,6.0
1,4.0,0.1016,71.3,6.0
2,4.0,0.1016,71.3,6.0
3,4.0,0.1016,55.5,6.0
4,4.0,0.1016,55.5,6.0
5,1000.0,0.1016,55.5,0.002211
6,4.0,0.1016,55.5,6.0
7,4.0,0.1016,55.5,6.0
8,4.0,0.1016,55.5,6.0
9,4.0,0.1016,55.5,6.0
10,4.0,0.1016,55.5,6.0
11,4000.0,0.1016,55.5,0.002211
12,4.0,0.1016,55.5,6.0
13,6300.0,0.1016,55.5,0.002211
14,4.0,0.1016,55.5,6.0
15,4.0,0.1016,55.5,6.0
16,630.0,0.1016,39.6,0.00245138
17,4.0,0.1016,39.6,6.0
18,4.0,0.1016,39.6,6.0
19,4.0,0.1016,39.6,6.0
20,4.0,0.1016,39.6,6.0
21,4.0,0.1016,39.6,6.0
22,4.0,0.1016,39.6,6.0
23,4.0,0.1016,39.6,6.0
24,4000.0,0.1016,39.6,0.00245138
25,4.0,0.1016,39.6,6.0
26,4.0,0.1016,39.6,6.0
27,4.0,0.1016,39.6,6.0
28,4.0,0.1016,39.6,6.0
29,4.0,0.1016,31.7,6.0
30,4.0,0.1016,31.7,6.0
31,1000.0,0.1016,31.7,0.00251435
32,4.0,0.1016,31.7,6.0
33,1600.0,0.1016,31.7,0.00251435
34,4.0,0.1016,31.7,6.0
35,4.0,0.1016,31.7,6.0
36,4.0,0.1016,31.7,6.0
37,4.0,0.1016,31.7,6.0
38,4.0,0.1016,31.7,6.0
39,4.0,0.1016,31.7,6.0
40,4.0,0.1016,31.7,6.0
41,4.0,0.1016,71.3,6.0
42,4.0,0.1016,71.3,6.0
43,4.0,0.1016,71.3,6.0
44,4.0,0.1016,71.3,6.0
45,1600.0,0.1016,71.3,0.00478288
46,4.0,0.1016,71.3,6.0
47,4.0,0.1016,71.3,6.0
48,4.0,0.1016,71.3,6.0
49,4.0,0.1016,55.5,6.0
50,4.0,0.1016,55.5,6.0
51,4.0,0.1016,55.5,6.0
52,4.0,0.1016,55.5,6.0
53,4.0,0.1016,55.5,6.0
54,4.0,0.1016,55.5,6.0
55,4.0,0.1016,55.5,6.0
56,4.0,0.1016,55.5,6.0
57,4.0,0.1016,39.6,6.0
58,4.0,0.1016,39.6,6.0
59,4.0,0.1016,39.6,6.0
60,4.0,0.1016,39.6,6.0
61,4.0,0.1016,39.6,6.0
62,1250.0,0.1016,39.6,0.00578076
63,4.0,0.1016,39.6,6.0
64,4.0,0.1016,39.6,6.0
65,4.0,0.1016,31.7,6.0
66,4.0,0.1016,31.7,6.0
67,4.0,0.1016,31.7,6.0
68,4.0,0.1016,31.7,6.0
69,4.0,0.1016,31.7,6.0
70,4.0,0.1016,31.7,6.0
71,1250.0,0.1016,31.7,0.00592927
72,4.0,0.1016,31.7,6.0
73,4.0,0.1016,31.7,6.0
74,4.0,0.1016,71.3,6.0
75,4.0,0.1016,71.3,6.0
76,4.0,0.1016,71.3,6.0
77,4.0,0.1016,71.3,6.0
78,4.0,0.1016,71.3,6.0
79,4.0,0.1016,71.3,6.0
80,4.0,0.1016,71.3,6.0
81,4.0,0.1016,71.3,6.0
82,4.0,0.1016,71.3,6.0
83,4.0,0.1016,71.3,6.0
84,4.0,0.1016,71.3,6.0
85,4.0,0.1016,71.3,6.0
86,3150.0,0.1016,71.3,0.0103088
87,4.0,0.1016,71.3,6.0
88,4.0,0.1016,71.3,6.0
89,4.0,0.1016,71.3,6.0
90,4.0,0.1016,39.6,6.0
91,4.0,0.1016,39.6,6.0
92,4.0,0.1016,39.6,6.0
93,4.0,0.1016,39.6,6.0
94,4.0,0.1016,39.6,6.0
95,630.0,0.1016,39.6,0.012459600000000001
96,4.0,0.1016,39.6,6.0
97,4.0,0.1016,39.6,6.0
98,1250.0,0.1016,39.6,0.012459600000000001
99,4.0,0.1016,39.6,6.0
100,4.0,0.1016,39.6,6.0
101,4.0,0.1016,39.6,6.0
102,3150.0,0.1016,39.6,0.012459600000000001
103,4.0,0.1016,39.6,6.0
104,4.0,0.1016,39.6,6.0
105,4.0,0.1016,39.6,6.0
106,4.0,0.1016,71.3,6.0
107,250.0,0.1016,71.3,0.033779199999999995
108,4.0,0.1016,71.3,6.0
109,4.0,0.1016,71.3,6.0
110,500.0,0.1016,71.3,0.033779199999999995
111,4.0,0.1016,71.3,6.0
112,4.0,0.1016,71.3,6.0
113,4.0,0.1016,71.3,6.0
114,4.0,0.1016,71.3,6.0
115,4.0,0.1016,71.3,6.0
116,4.0,0.1016,71.3,6.0
117,4.0,0.1016,71.3,6.0
118,4.0,0.1016,71.3,6.0
119,4.0,0.1016,71.3,6.0
120,5000.0,0.1016,71.3,0.033779199999999995
121,4.0,0.1016,71.3,6.0
122,4.0,0.1016,55.5,6.0
123,4.0,0.1016,55.5,6.0
124,4.0,0.1016,55.5,6.0
125,4.0,0.1016,55.5,6.0
126,4.0,0.1016,55.5,6.0
127,4.0,0.1016,55.5,6.0
128,4.0,0.1016,55.5,6.0
129,4.0,0.1016,55.5,6.0
130,1250.0,0.1016,55.5,0.0368233
131,4.0,0.1016,55.5,6.0
132,2000.0,0.1016,55.5,0.0368233
133,4.0,0.1016,55.5,6.0
134,4.0,0.1016,55.5,6.0
135,4000.0,0.1016,55.5,0.0368233
136,4.0,0.1016,55.5,6.0
137,4.0,0.1016,55.5,6.0
138,4.0,0.1016,39.6,6.0
139,250.0,0.1016,39.6,0.0408268
140,315.0,0.1016,39.6,0.0408268
141,4.0,0.1016,39.6,6.0
142,4.0,0.1016,39.6,6.0
143,4.0,0.1016,39.6,6.0
144,4.0,0.1016,39.6,6.0
145,4.0,0.1016,39.6,6.0
146,4.0,0.1016,39.6,6.0
147,4.0,0.1016,39.6,6.0
148,4.0,0.1016,39.6,6.0
149,2500.0,0.1016,39.6,0.0408268
150,4.0,0.1016,39.6,6.0
151,4.0,0.1016,39.6,6.0
152,4.0,0.1016,39.6,6.0
153,4.0,0.1016,39.6,6.0
154,4.0,0.1016,31.7,6.0
155,4.0,0.1016,31.7,6.0
156,4.0,0.1016,31.7,6.0
157,4.0,0.1016,31.7,6.0
158,4.0,0.1016,31.7,6.0
159,4.0,0.1016,31.7,6.0
160,4.0,0.1016,31.7,6.0
161,4.0,0.1016,31.7,6.0
162,4.0,0.1016,31.7,6.0
163,4.0,0.1016,31.7,6.0
164,4.0,0.1016,31.7,6.0
165,4.0,0.1016,31.7,6.0
166,4.0,0.1016,31.7,6.0
167,4.0,0.1016,31.7,6.0
168,5000.0,0.1016,31.7,0.0418756
169,4.0,0.1016,31.7,6.0
170,4.0,0.1016,71.3,6.0
171,4.0,0.1016,71.3,6.0
172,4.0,0.1016,71.3,6.0
173,4.0,0.1016,71.3,6.0
174,4.0,0.1016,71.3,6.0
175,4.0,0.1016,71.3,6.0
176,4.0,0.1016,71.3,6.0
177,4.0,0.1016,71.3,6.0
178,4.0,0.1016,71.3,6.0
179,4.0,0.1016,71.3,6.0
180,4.0,0.1016,71.3,6.0
181,4.0,0.1016,71.3,6.0
182,4.0,0.1016,71.3,6.0
183,4.0,0.1016,71.3,6.0
184,200.0,0.1016,39.6,0.0528487
185,250.0,0.1016,39.6,0.0528487
186,4.0,0.1016,39.6,6.0
187,4.0,0.1016,39.6,6.0
188,4.0,0.1016,39.6,6.0
189,4.0,0.1016,39.6,6.0
190,4.0,0.1016,39.6,6.0
191,4.0,0.1016,39.6,6.0
192,1250.0,0.1016,39.6,0.0528487
193,1600.0,0.1016,39.6,0.0528487
194,4.0,0.1016,39.6,6.0
195,4.0,0.1016,39.6,6.0
196,4.0,0.1016,39.6,6.0
197,4.0,0.1016,39.6,6.0
198,4.0,0.1016,39.6,6.0
199,4.0,0.1016,39.6,6.0
