,C1,C2,C3,C4
0,6300,0.1016,71.3,0.00202822
1,8000,0.1016,71.3,0.00202822
2,10000,0.1016,71.3,0.00202822
3,630,0.1016,55.5,0.002211
4,800,0.1016,55.5,0.002211
5,1000,0.1016,55.5,0.002211
6,1250,0.1016,55.5,0.002211
7,1600,0.1016,55.5,0.002211
8,2000,0.1016,55.5,0.002211
9,2500,0.1016,55.5,0.002211
10,3150,0.1016,55.5,0.002211
11,4000,0.1016,55.5,0.002211
12,5000,0.1016,55.5,0.002211
13,6300,0.1016,55.5,0.002211
14,8000,0.1016,55.5,0.002211
15,10000,0.1016,55.5,0.002211
16,630,0.1016,39.6,0.00245138
17,800,0.1016,39.6,0.00245138
18,1000,0.1016,39.6,0.00245138
19,1250,0.1016,39.6,0.00245138
20,1600,0.1016,39.6,0.00245138
21,2000,0.1016,39.6,0.00245138
22,2500,0.1016,39.6,0.00245138
23,3150,0.1016,39.6,0.00245138
24,4000,0.1016,39.6,0.00245138
25,5000,0.1016,39.6,0.00245138
26,6300,0.1016,39.6,0.00245138
27,8000,0.1016,39.6,0.00245138
28,10000,0.1016,39.6,0.00245138
29,630,0.1016,31.7,0.00251435
30,800,0.1016,31.7,0.00251435
31,1000,0.1016,31.7,0.00251435
32,1250,0.1016,31.7,0.00251435
33,1600,0.1016,31.7,0.00251435
34,2000,0.1016,31.7,0.00251435
35,2500,0.1016,31.7,0.00251435
36,3150,0.1016,31.7,0.00251435
37,4000,0.1016,31.7,0.00251435
38,5000,0.1016,31.7,0.00251435
39,6300,0.1016,31.7,0.00251435
40,8000,0.1016,31.7,0.00251435
41,630,0.1016,71.3,0.00478288
42,800,0.1016,71.3,0.00478288
43,1000,0.1016,71.3,0.00478288
44,1250,0.1016,71.3,0.00478288
45,1600,0.1016,71.3,0.00478288
46,2000,0.1016,71.3,0.00478288
47,2500,0.1016,71.3,0.00478288
48,3150,0.1016,71.3,0.00478288
49,500,0.1016,55.5,0.0052139
50,630,0.1016,55.5,0.0052139
51,800,0.1016,55.5,0.0052139
52,1000,0.1016,55.5,0.0052139
53,1250,0.1016,55.5,0.0052139
54,1600,0.1016,55.5,0.0052139
55,2000,0.1016,55.5,0.0052139
56,2500,0.1016,55.5,0.0052139
57,400,0.1016,39.6,0.00578076
58,500,0.1016,39.6,0.00578076
59,630,0.1016,39.6,0.00578076
60,800,0.1016,39.6,0.00578076
61,1000,0.1016,39.6,0.00578076
62,1250,0.1016,39.6,0.00578076
63,1600,0.1016,39.6,0.00578076
64,2000,0.1016,39.6,0.00578076
65,315,0.1016,31.7,0.00592927
66,400,0.1016,31.7,0.00592927
67,500,0.1016,31.7,0.00592927
68,630,0.1016,31.7,0.00592927
69,800,0.1016,31.7,0.00592927
70,1000,0.1016,31.7,0.00592927
71,1250,0.1016,31.7,0.00592927
72,1600,0.1016,31.7,0.00592927
73,2000,0.1016,31.7,0.00592927
74,200,0.1016,71.3,0.0103088
75,250,0.1016,71.3,0.0103088
76,315,0.1016,71.3,0.0103088
77,400,0.1016,71.3,0.0103088
78,500,0.1016,71.3,0.0103088
79,630,0.1016,71.3,0.0103088
80,800,0.1016,71.3,0.0103088
81,1000,0.1016,71.3,0.0103088
82,1250,0.1016,71.3,0.0103088
83,1600,0.1016,71.3,0.0103088
84,2000,0.1016,71.3,0.0103088
85,2500,0.1016,71.3,0.0103088
86,3150,0.1016,71.3,0.0103088
87,4000,0.1016,71.3,0.0103088
88,5000,0.1016,71.3,0.0103088
89,6300,0.1016,71.3,0.0103088
90,200,0.1016,39.6,0.012459600000000001
91,250,0.1016,39.6,0.012459600000000001
92,315,0.1016,39.6,0.012459600000000001
93,400,0.1016,39.6,0.012459600000000001
94,500,0.1016,39.6,0.012459600000000001
95,630,0.1016,39.6,0.012459600000000001
96,800,0.1016,39.6,0.012459600000000001
97,1000,0.1016,39.6,0.012459600000000001
98,1250,0.1016,39.6,0.012459600000000001
99,1600,0.1016,39.6,0.012459600000000001
100,2000,0.1016,39.6,0.012459600000000001
101,2500,0.1016,39.6,0.012459600000000001
102,3150,0.1016,39.6,0.012459600000000001
103,4000,0.1016,39.6,0.012459600000000001
104,5000,0.1016,39.6,0.012459600000000001
105,6300,0.1016,39.6,0.012459600000000001
106,200,0.1016,71.3,0.033779199999999995
107,250,0.1016,71.3,0.033779199999999995
108,315,0.1016,71.3,0.033779199999999995
109,400,0.1016,71.3,0.033779199999999995
110,500,0.1016,71.3,0.033779199999999995
111,630,0.1016,71.3,0.033779199999999995
112,800,0.1016,71.3,0.033779199999999995
113,1000,0.1016,71.3,0.033779199999999995
114,1250,0.1016,71.3,0.033779199999999995
115,1600,0.1016,71.3,0.033779199999999995
116,2000,0.1016,71.3,0.033779199999999995
117,2500,0.1016,71.3,0.033779199999999995
118,3150,0.1016,71.3,0.033779199999999995
119,4000,0.1016,71.3,0.033779199999999995
120,5000,0.1016,71.3,0.033779199999999995
121,6300,0.1016,71.3,0.033779199999999995
122,200,0.1016,55.5,0.0368233
123,250,0.1016,55.5,0.0368233
124,315,0.1016,55.5,0.0368233
125,400,0.1016,55.5,0.0368233
126,500,0.1016,55.5,0.0368233
127,630,0.1016,55.5,0.0368233
128,800,0.1016,55.5,0.0368233
129,1000,0.1016,55.5,0.0368233
130,1250,0.1016,55.5,0.0368233
131,1600,0.1016,55.5,0.0368233
132,2000,0.1016,55.5,0.0368233
133,2500,0.1016,55.5,0.0368233
134,3150,0.1016,55.5,0.0368233
135,4000,0.1016,55.5,0.0368233
136,5000,0.1016,55.5,0.0368233
137,6300,0.1016,55.5,0.0368233
138,200,0.1016,39.6,0.0408268
139,250,0.1016,39.6,0.0408268
140,315,0.1016,39.6,0.0408268
141,400,0.1016,39.6,0.0408268
142,500,0.1016,39.6,0.0408268
143,630,0.1016,39.6,0.0408268
144,800,0.1016,39.6,0.0408268
145,1000,0.1016,39.6,0.0408268
146,1250,0.1016,39.6,0.0408268
147,1600,0.1016,39.6,0.0408268
148,2000,0.1016,39.6,0.0408268
149,2500,0.1016,39.6,0.0408268
150,3150,0.1016,39.6,0.0408268
151,4000,0.1016,39.6,0.0408268
152,5000,0.1016,39.6,0.0408268
153,6300,0.1016,39.6,0.0408268
154,200,0.1016,31.7,0.0418756
155,250,0.1016,31.7,0.0418756
156,315,0.1016,31.7,0.0418756
157,400,0.1016,31.7,0.0418756
158,500,0.1016,31.7,0.0418756
159,630,0.1016,31.7,0.0418756
160,800,0.1016,31.7,0.0418756
161,1000,0.1016,31.7,0.0418756
162,1250,0.1016,31.7,0.0418756
163,1600,0.1016,31.7,0.0418756
164,2000,0.1016,31.7,0.0418756
165,2500,0.1016,31.7,0.0418756
166,3150,0.1016,31.7,0.0418756
167,4000,0.1016,31.7,0.0418756
168,5000,0.1016,31.7,0.0418756
169,6300,0.1016,31.7,0.0418756
170,200,0.1016,71.3,0.0437259
171,250,0.1016,71.3,0.0437259
172,315,0.1016,71.3,0.0437259
173,400,0.1016,71.3,0.0437259
174,500,0.1016,71.3,0.0437259
175,630,0.1016,71.3,0.0437259
176,800,0.1016,71.3,0.0437259
177,1000,0.1016,71.3,0.0437259
178,1250,0.1016,71.3,0.0437259
179,1600,0.1016,71.3,0.0437259
180,2000,0.1016,71.3,0.0437259
181,2500,0.1016,71.3,0.0437259
182,3150,0.1016,71.3,0.0437259
183,4000,0.1016,71.3,0.0437259
184,200,0.1016,39.6,0.0528487
185,250,0.1016,39.6,0.0528487
186,315,0.1016,39.6,0.0528487
187,400,0.1016,39.6,0.0528487
188,500,0.1016,39.6,0.0528487
189,630,0.1016,39.6,0.0528487
190,800,0.1016,39.6,0.0528487
191,1000,0.1016,39.6,0.0528487
192,1250,0.1016,39.6,0.0528487
193,1600,0.1016,39.6,0.0528487
194,2000,0.1016,39.6,0.0528487
195,2500,0.1016,39.6,0.0528487
196,3150,0.1016,39.6,0.0528487
197,4000,0.1016,39.6,0.0528487
198,5000,0.1016,39.6,0.0528487
199,6300,0.1016,39.6,0.0528487
