,C1_flag,C4_flag,C1_value,C4_value
0,Fail,Fail,[6.3e+03 4.0e+00],[2.02822e-03 6.00000e+00]
1,Fail,Fail,[8.e+03 4.e+00],[2.02822e-03 6.00000e+00]
2,Fail,Fail,[1.e+04 4.e+00],[2.02822e-03 6.00000e+00]
3,Fail,Fail,[630.   4.],[2.211e-03 6.000e+00]
4,Fail,Fail,[800.   4.],[2.211e-03 6.000e+00]
5,Pass,Pass,[0. 0.],[0. 0.]
6,Fail,Fail,[1250.    4.],[2.211e-03 6.000e+00]
7,Fail,Fail,[1600.    4.],[2.211e-03 6.000e+00]
8,Fail,Fail,[2000.    4.],[2.211e-03 6.000e+00]
9,Fail,Fail,[2500.    4.],[2.211e-03 6.000e+00]
10,Fail,Fail,[3150.    4.],[2.211e-03 6.000e+00]
11,Pass,Pass,[0. 0.],[0. 0.]
12,Fail,Fail,[5.e+03 4.e+00],[2.211e-03 6.000e+00]
13,Pass,Pass,[0. 0.],[0. 0.]
14,Fail,Fail,[8.e+03 4.e+00],[2.211e-03 6.000e+00]
15,Fail,Fail,[1.e+04 4.e+00],[2.211e-03 6.000e+00]
16,Pass,Pass,[0. 0.],[0. 0.]
17,Fail,Fail,[800.   4.],[2.45138e-03 6.00000e+00]
18,Fail,Fail,[1000.    4.],[2.45138e-03 6.00000e+00]
19,Fail,Fail,[1250.    4.],[2.45138e-03 6.00000e+00]
20,Fail,Fail,[1600.    4.],[2.45138e-03 6.00000e+00]
21,Fail,Fail,[2000.    4.],[2.45138e-03 6.00000e+00]
22,Fail,Fail,[2500.    4.],[2.45138e-03 6.00000e+00]
23,Fail,Fail,[3150.    4.],[2.45138e-03 6.00000e+00]
24,Pass,Pass,[0. 0.],[0. 0.]
25,Fail,Fail,[5.e+03 4.e+00],[2.45138e-03 6.00000e+00]
26,Fail,Fail,[6.3e+03 4.0e+00],[2.45138e-03 6.00000e+00]
27,Fail,Fail,[8.e+03 4.e+00],[2.45138e-03 6.00000e+00]
28,Fail,Fail,[1.e+04 4.e+00],[2.45138e-03 6.00000e+00]
29,Fail,Fail,[630.   4.],[2.51435e-03 6.00000e+00]
30,Fail,Fail,[800.   4.],[2.51435e-03 6.00000e+00]
31,Pass,Pass,[0. 0.],[0. 0.]
32,Fail,Fail,[1250.    4.],[2.51435e-03 6.00000e+00]
33,Pass,Pass,[0. 0.],[0. 0.]
34,Fail,Fail,[2000.    4.],[2.51435e-03 6.00000e+00]
35,Fail,Fail,[2500.    4.],[2.51435e-03 6.00000e+00]
36,Fail,Fail,[3150.    4.],[2.51435e-03 6.00000e+00]
37,Fail,Fail,[4000.    4.],[2.51435e-03 6.00000e+00]
38,Fail,Fail,[5.e+03 4.e+00],[2.51435e-03 6.00000e+00]
39,Fail,Fail,[6.3e+03 4.0e+00],[2.51435e-03 6.00000e+00]
40,Fail,Fail,[8.e+03 4.e+00],[2.51435e-03 6.00000e+00]
41,Fail,Fail,[630.   4.],[4.78288e-03 6.00000e+00]
42,Fail,Fail,[800.   4.],[4.78288e-03 6.00000e+00]
43,Fail,Fail,[1000.    4.],[4.78288e-03 6.00000e+00]
44,Fail,Fail,[1250.    4.],[4.78288e-03 6.00000e+00]
45,Pass,Pass,[0. 0.],[0. 0.]
46,Fail,Fail,[2000.    4.],[4.78288e-03 6.00000e+00]
47,Fail,Fail,[2500.    4.],[4.78288e-03 6.00000e+00]
48,Fail,Fail,[3150.    4.],[4.78288e-03 6.00000e+00]
49,Fail,Fail,[500.   4.],[5.2139e-03 6.0000e+00]
50,Fail,Fail,[630.   4.],[5.2139e-03 6.0000e+00]
51,Fail,Fail,[800.   4.],[5.2139e-03 6.0000e+00]
52,Fail,Fail,[1000.    4.],[5.2139e-03 6.0000e+00]
53,Fail,Fail,[1250.    4.],[5.2139e-03 6.0000e+00]
54,Fail,Fail,[1600.    4.],[5.2139e-03 6.0000e+00]
55,Fail,Fail,[2000.    4.],[5.2139e-03 6.0000e+00]
56,Fail,Fail,[2500.    4.],[5.2139e-03 6.0000e+00]
57,Fail,Fail,[400.   4.],[5.78076e-03 6.00000e+00]
58,Fail,Fail,[500.   4.],[5.78076e-03 6.00000e+00]
59,Fail,Fail,[630.   4.],[5.78076e-03 6.00000e+00]
60,Fail,Fail,[800.   4.],[5.78076e-03 6.00000e+00]
61,Fail,Fail,[1000.    4.],[5.78076e-03 6.00000e+00]
62,Pass,Pass,[0. 0.],[0. 0.]
63,Fail,Fail,[1600.    4.],[5.78076e-03 6.00000e+00]
64,Fail,Fail,[2000.    4.],[5.78076e-03 6.00000e+00]
65,Fail,Fail,[315.   4.],[5.92927e-03 6.00000e+00]
66,Fail,Fail,[400.   4.],[5.92927e-03 6.00000e+00]
67,Fail,Fail,[500.   4.],[5.92927e-03 6.00000e+00]
68,Fail,Fail,[630.   4.],[5.92927e-03 6.00000e+00]
69,Fail,Fail,[800.   4.],[5.92927e-03 6.00000e+00]
70,Fail,Fail,[1000.    4.],[5.92927e-03 6.00000e+00]
71,Pass,Pass,[0. 0.],[0. 0.]
72,Fail,Fail,[1600.    4.],[5.92927e-03 6.00000e+00]
73,Fail,Fail,[2000.    4.],[5.92927e-03 6.00000e+00]
74,Fail,Fail,[200.   4.],[0.0103088 6.       ]
75,Fail,Fail,[250.   4.],[0.0103088 6.       ]
76,Fail,Fail,[315.   4.],[0.0103088 6.       ]
77,Fail,Fail,[400.   4.],[0.0103088 6.       ]
78,Fail,Fail,[500.   4.],[0.0103088 6.       ]
79,Fail,Fail,[630.   4.],[0.0103088 6.       ]
80,Fail,Fail,[800.   4.],[0.0103088 6.       ]
81,Fail,Fail,[1000.    4.],[0.0103088 6.       ]
82,Fail,Fail,[1250.    4.],[0.0103088 6.       ]
83,Fail,Fail,[1600.    4.],[0.0103088 6.       ]
84,Fail,Fail,[2000.    4.],[0.0103088 6.       ]
85,Fail,Fail,[2500.    4.],[0.0103088 6.       ]
86,Pass,Pass,[0. 0.],[0. 0.]
87,Fail,Fail,[4000.    4.],[0.0103088 6.       ]
88,Fail,Fail,[5.e+03 4.e+00],[0.0103088 6.       ]
89,Fail,Fail,[6.3e+03 4.0e+00],[0.0103088 6.       ]
90,Fail,Fail,[200.   4.],[0.0124596 6.       ]
91,Fail,Fail,[250.   4.],[0.0124596 6.       ]
92,Fail,Fail,[315.   4.],[0.0124596 6.       ]
93,Fail,Fail,[400.   4.],[0.0124596 6.       ]
94,Fail,Fail,[500.   4.],[0.0124596 6.       ]
95,Pass,Pass,[0. 0.],[0. 0.]
96,Fail,Fail,[800.   4.],[0.0124596 6.       ]
97,Fail,Fail,[1000.    4.],[0.0124596 6.       ]
98,Pass,Pass,[0. 0.],[0. 0.]
99,Fail,Fail,[1600.    4.],[0.0124596 6.       ]
100,Fail,Fail,[2000.    4.],[0.0124596 6.       ]
101,Fail,Fail,[2500.    4.],[0.0124596 6.       ]
102,Pass,Pass,[0. 0.],[0. 0.]
103,Fail,Fail,[4000.    4.],[0.0124596 6.       ]
104,Fail,Fail,[5.e+03 4.e+00],[0.0124596 6.       ]
105,Fail,Fail,[6.3e+03 4.0e+00],[0.0124596 6.       ]
106,Fail,Fail,[200.   4.],[0.0337792 6.       ]
107,Pass,Pass,[0. 0.],[0. 0.]
108,Fail,Fail,[315.   4.],[0.0337792 6.       ]
109,Fail,Fail,[400.   4.],[0.0337792 6.       ]
110,Pass,Pass,[0. 0.],[0. 0.]
111,Fail,Fail,[630.   4.],[0.0337792 6.       ]
112,Fail,Fail,[800.   4.],[0.0337792 6.       ]
113,Fail,Fail,[1000.    4.],[0.0337792 6.       ]
114,Fail,Fail,[1250.    4.],[0.0337792 6.       ]
115,Fail,Fail,[1600.    4.],[0.0337792 6.       ]
116,Fail,Fail,[2000.    4.],[0.0337792 6.       ]
117,Fail,Fail,[2500.    4.],[0.0337792 6.       ]
118,Fail,Fail,[3150.    4.],[0.0337792 6.       ]
119,Fail,Fail,[4000.    4.],[0.0337792 6.       ]
120,Pass,Pass,[0. 0.],[0. 0.]
121,Fail,Fail,[6.3e+03 4.0e+00],[0.0337792 6.       ]
122,Fail,Fail,[200.   4.],[0.0368233 6.       ]
123,Fail,Fail,[250.   4.],[0.0368233 6.       ]
124,Fail,Fail,[315.   4.],[0.0368233 6.       ]
125,Fail,Fail,[400.   4.],[0.0368233 6.       ]
126,Fail,Fail,[500.   4.],[0.0368233 6.       ]
127,Fail,Fail,[630.   4.],[0.0368233 6.       ]
128,Fail,Fail,[800.   4.],[0.0368233 6.       ]
129,Fail,Fail,[1000.    4.],[0.0368233 6.       ]
130,Pass,Pass,[0. 0.],[0. 0.]
131,Fail,Fail,[1600.    4.],[0.0368233 6.       ]
132,Pass,Pass,[0. 0.],[0. 0.]
133,Fail,Fail,[2500.    4.],[0.0368233 6.       ]
134,Fail,Fail,[3150.    4.],[0.0368233 6.       ]
135,Pass,Pass,[0. 0.],[0. 0.]
136,Fail,Fail,[5.e+03 4.e+00],[0.0368233 6.       ]
137,Fail,Fail,[6.3e+03 4.0e+00],[0.0368233 6.       ]
138,Fail,Fail,[200.   4.],[0.0408268 6.       ]
139,Pass,Pass,[0. 0.],[0. 0.]
140,Pass,Pass,[0. 0.],[0. 0.]
141,Fail,Fail,[400.   4.],[0.0408268 6.       ]
142,Fail,Fail,[500.   4.],[0.0408268 6.       ]
143,Fail,Fail,[630.   4.],[0.0408268 6.       ]
144,Fail,Fail,[800.   4.],[0.0408268 6.       ]
145,Fail,Fail,[1000.    4.],[0.0408268 6.       ]
146,Fail,Fail,[1250.    4.],[0.0408268 6.       ]
147,Fail,Fail,[1600.    4.],[0.0408268 6.       ]
148,Fail,Fail,[2000.    4.],[0.0408268 6.       ]
149,Pass,Pass,[0. 0.],[0. 0.]
150,Fail,Fail,[3150.    4.],[0.0408268 6.       ]
151,Fail,Fail,[4000.    4.],[0.0408268 6.       ]
152,Fail,Fail,[5.e+03 4.e+00],[0.0408268 6.       ]
153,Fail,Fail,[6.3e+03 4.0e+00],[0.0408268 6.       ]
154,Fail,Fail,[200.   4.],[0.0418756 6.       ]
155,Fail,Fail,[250.   4.],[0.0418756 6.       ]
156,Fail,Fail,[315.   4.],[0.0418756 6.       ]
157,Fail,Fail,[400.   4.],[0.0418756 6.       ]
158,Fail,Fail,[500.   4.],[0.0418756 6.       ]
159,Fail,Fail,[630.   4.],[0.0418756 6.       ]
160,Fail,Fail,[800.   4.],[0.0418756 6.       ]
161,Fail,Fail,[1000.    4.],[0.0418756 6.       ]
162,Fail,Fail,[1250.    4.],[0.0418756 6.       ]
163,Fail,Fail,[1600.    4.],[0.0418756 6.       ]
164,Fail,Fail,[2000.    4.],[0.0418756 6.       ]
165,Fail,Fail,[2500.    4.],[0.0418756 6.       ]
166,Fail,Fail,[3150.    4.],[0.0418756 6.       ]
167,Fail,Fail,[4000.    4.],[0.0418756 6.       ]
168,Pass,Pass,[0. 0.],[0. 0.]
169,Fail,Fail,[6.3e+03 4.0e+00],[0.0418756 6.       ]
170,Fail,Fail,[200.   4.],[0.0437259 6.       ]
171,Fail,Fail,[250.   4.],[0.0437259 6.       ]
172,Fail,Fail,[315.   4.],[0.0437259 6.       ]
173,Fail,Fail,[400.   4.],[0.0437259 6.       ]
174,Fail,Fail,[500.   4.],[0.0437259 6.       ]
175,Fail,Fail,[630.   4.],[0.0437259 6.       ]
176,Fail,Fail,[800.   4.],[0.0437259 6.       ]
177,Fail,Fail,[1000.    4.],[0.0437259 6.       ]
178,Fail,Fail,[1250.    4.],[0.0437259 6.       ]
179,Fail,Fail,[1600.    4.],[0.0437259 6.       ]
180,Fail,Fail,[2000.    4.],[0.0437259 6.       ]
181,Fail,Fail,[2500.    4.],[0.0437259 6.       ]
182,Fail,Fail,[3150.    4.],[0.0437259 6.       ]
183,Fail,Fail,[4000.    4.],[0.0437259 6.       ]
184,Pass,Pass,[0. 0.],[0. 0.]
185,Pass,Pass,[0. 0.],[0. 0.]
186,Fail,Fail,[315.   4.],[0.0528487 6.       ]
187,Fail,Fail,[400.   4.],[0.0528487 6.       ]
188,Fail,Fail,[500.   4.],[0.0528487 6.       ]
189,Fail,Fail,[630.   4.],[0.0528487 6.       ]
190,Fail,Fail,[800.   4.],[0.0528487 6.       ]
191,Fail,Fail,[1000.    4.],[0.0528487 6.       ]
192,Pass,Pass,[0. 0.],[0. 0.]
193,Pass,Pass,[0. 0.],[0. 0.]
194,Fail,Fail,[2000.    4.],[0.0528487 6.       ]
195,Fail,Fail,[2500.    4.],[0.0528487 6.       ]
196,Fail,Fail,[3150.    4.],[0.0528487 6.       ]
197,Fail,Fail,[4000.    4.],[0.0528487 6.       ]
198,Fail,Fail,[5.e+03 4.e+00],[0.0528487 6.       ]
199,Fail,Fail,[6.3e+03 4.0e+00],[0.0528487 6.       ]
